ncols         80
nrows         80
xllcorner     1
yllcorner     1
cellsize      1
NODATA_value  -9999
8191 8191 8191 8191 8191 8191 8191 8191 8191 8191 8191 8191 8191 8191 8191 8191 8191 8191 8191 8191 8191 8191 8191 8191 8191 8191 8191 8191 8191 8191 8191 8191 8191 8191 8191 8191 8191 8191 8191 8191 8191 8191 8191 8191 8191 8191 8191 8191 8191 8191 8191 8191 8191 8191 8191 8191 8191 8191 8191 8191 8191 8191 8191 8191 8191 8191 8191 8191 8191 8191 8191 8191 8191 8191 8191 8191 8191 8191 8191 8191 
7980 7980 7980 7980 7980 7980 7980 7980 7980 7980 7980 7980 7980 7980 7980 7980 7980 7980 7980 7980 7980 7980 7980 7980 7980 7980 7980 7980 7980 7980 7980 7980 7980 7980 7980 7980 7980 7980 7980 7980 7980 7980 7980 7980 7980 7980 7980 7980 7980 7980 7980 7980 7980 7980 7980 7980 7980 7980 7980 7980 7980 7980 7980 7980 7980 7980 7980 7980 7980 7980 7980 7980 7980 7980 7980 7980 7980 7980 7980 7980 
7770 7770 7770 7770 7770 7770 7770 7770 7770 7770 7770 7770 7770 7770 7770 7770 7770 7770 7770 7770 7770 7770 7770 7770 7770 7770 7770 7770 7770 7770 7770 7770 7770 7770 7770 7770 7770 7770 7770 7770 7770 7770 7770 7770 7770 7770 7770 7770 7770 7770 7770 7770 7770 7770 7770 7770 7770 7770 7770 7770 7770 7770 7770 7770 7770 7770 7770 7770 7770 7770 7770 7770 7770 7770 7770 7770 7770 7770 7770 7770 
7560 7560 7560 7560 7560 7560 7560 7560 7560 7560 7560 7560 7560 7560 7560 7560 7560 7560 7560 7560 7560 7560 7560 7560 7560 7560 7560 7560 7560 7560 7560 7560 7560 7560 7560 7560 7560 7560 7560 7560 7560 7560 7560 7560 7560 7560 7560 7560 7560 7560 7560 7560 7560 7560 7560 7560 7560 7560 7560 7560 7560 7560 7560 7560 7560 7560 7560 7560 7560 7560 7560 7560 7560 7560 7560 7560 7560 7560 7560 7560 
7350 7350 7350 7350 7350 7350 7350 7350 7350 7350 7350 7350 7350 7350 7350 7350 7350 7350 7350 7350 7350 7350 7350 7350 7350 7350 7350 7350 7350 7350 7350 7350 7350 7350 7350 7350 7350 7350 7350 7350 7350 7350 7350 7350 7350 7350 7350 7350 7350 7350 7350 7350 7350 7350 7350 7350 7350 7350 7350 7350 7350 7350 7350 7350 7350 7350 7350 7350 7350 7350 7350 7350 7350 7350 7350 7350 7350 7350 7350 7350 
7140 7140 7140 7140 7140 7140 7140 7140 7140 7140 7140 7140 7140 7140 7140 7140 7140 7140 7140 7140 7140 7140 7140 7140 7140 7140 7140 7140 7140 7140 7140 7140 7140 7140 7140 7140 7140 7140 7140 7140 7140 7140 7140 7140 7140 7140 7140 7140 7140 7140 7140 7140 7140 7140 7140 7140 7140 7140 7140 7140 7140 7140 7140 7140 7140 7140 7140 7140 7140 7140 7140 7140 7140 7140 7140 7140 7140 7140 7140 7140 
6930 6930 6930 6930 6930 6930 6930 6930 6930 6930 6930 6930 6930 6930 6930 6930 6930 6930 6930 6930 6930 6930 6930 6930 6930 6930 6930 6930 6930 6930 6930 6930 6930 6930 6930 6930 6930 6930 6930 6930 6930 6930 6930 6930 6930 6930 6930 6930 6930 6930 6930 6930 6930 6930 6930 6930 6930 6930 6930 6930 6930 6930 6930 6930 6930 6930 6930 6930 6930 6930 6930 6930 6930 6930 6930 6930 6930 6930 6930 6930 
6720 6720 6720 6720 6720 6720 6720 6720 6720 6720 6720 6720 6720 6720 6720 6720 6720 6720 6720 6720 6720 6720 6720 6720 6720 6720 6720 6720 6720 6720 6720 6720 6720 6720 6720 6720 6720 6720 6720 6720 6720 6720 6720 6720 6720 6720 6720 6720 6720 6720 6720 6720 6720 6720 6720 6720 6720 6720 6720 6720 6720 6720 6720 6720 6720 6720 6720 6720 6720 6720 6720 6720 6720 6720 6720 6720 6720 6720 6720 6720 
6510 6510 6510 6510 6510 6510 6510 6510 6510 6510 6510 6510 6510 6510 6510 6510 6510 6510 6510 6510 6510 6510 6510 6510 6510 6510 6510 6510 6510 6510 6510 6510 6510 6510 6510 6510 6510 6510 6510 6510 6510 6510 6510 6510 6510 6510 6510 6510 6510 6510 6510 6510 6510 6510 6510 6510 6510 6510 6510 6510 6510 6510 6510 6510 6510 6510 6510 6510 6510 6510 6510 6510 6510 6510 6510 6510 6510 6510 6510 6510 
6300 6300 6300 6300 6300 6300 6300 6300 6300 6300 6300 6300 6300 6300 6300 6300 6300 6300 6300 6300 6300 6300 6300 6300 6300 6300 6300 6300 6300 6300 6300 6300 6300 6300 6300 6300 6300 6300 6300 6300 6300 6300 6300 6300 6300 6300 6300 6300 6300 6300 6300 6300 6300 6300 6300 6300 6300 6300 6300 6300 6300 6300 6300 6300 6300 6300 6300 6300 6300 6300 6300 6300 6300 6300 6300 6300 6300 6300 6300 6300 
6090 6090 6090 6090 6090 6090 6090 6090 6090 6090 6090 6090 6090 6090 6090 6090 6090 6090 6090 6090 6090 6090 6090 6090 6090 6090 6090 6090 6090 6090 6090 6090 6090 6090 6090 6090 6090 6090 6090 6090 6090 6090 6090 6090 6090 6090 6090 6090 6090 6090 6090 6090 6090 6090 6090 6090 6090 6090 6090 6090 6090 6090 6090 6090 6090 6090 6090 6090 6090 6090 6090 6090 6090 6090 6090 6090 6090 6090 6090 6090 
5880 5880 5880 5880 5880 5880 5880 5880 5880 5880 5880 5880 5880 5880 5880 5880 5880 5880 5880 5880 5880 5880 5880 5880 5880 5880 5880 5880 5880 5880 5880 5880 5880 5880 5880 5880 5880 5880 5880 5880 5880 5880 5880 5880 5880 5880 5880 5880 5880 5880 5880 5880 5880 5880 5880 5880 5880 5880 5880 5880 5880 5880 5880 5880 5880 5880 5880 5880 5880 5880 5880 5880 5880 5880 5880 5880 5880 5880 5880 5880 
5670 5670 5670 5670 5670 5670 5670 5670 5670 5670 5670 5670 5670 5670 5670 5670 5670 5670 5670 5670 5670 5670 5670 5670 5670 5670 5670 5670 5670 5670 5670 5670 5670 5670 5670 5670 5670 5670 5670 5670 5670 5670 5670 5670 5670 5670 5670 5670 5670 5670 5670 5670 5670 5670 5670 5670 5670 5670 5670 5670 5670 5670 5670 5670 5670 5670 5670 5670 5670 5670 5670 5670 5670 5670 5670 5670 5670 5670 5670 5670 
5460 5460 5460 5460 5460 5460 5460 5460 5460 5460 5460 5460 5460 5460 5460 5460 5460 5460 5460 5460 5460 5460 5460 5460 5460 5460 5460 5460 5460 5460 5460 5460 5460 5460 5460 5460 5460 5460 5460 5460 5460 5460 5460 5460 5460 5460 5460 5460 5460 5460 5460 5460 5460 5460 5460 5460 5460 5460 5460 5460 5460 5460 5460 5460 5460 5460 5460 5460 5460 5460 5460 5460 5460 5460 5460 5460 5460 5460 5460 5460 
5250 5250 5250 5250 5250 5250 5250 5250 5250 5250 5250 5250 5250 5250 5250 5250 5250 5250 5250 5250 5250 5250 5250 5250 5250 5250 5250 5250 5250 5250 5250 5250 5250 5250 5250 5250 5250 5250 5250 5250 5250 5250 5250 5250 5250 5250 5250 5250 5250 5250 5250 5250 5250 5250 5250 5250 5250 5250 5250 5250 5250 5250 5250 5250 5250 5250 5250 5250 5250 5250 5250 5250 5250 5250 5250 5250 5250 5250 5250 5250 
5040 5040 5040 5040 5040 5040 5040 5040 5040 5040 5040 5040 5040 5040 5040 5040 5040 5040 5040 5040 5040 5040 5040 5040 5040 5040 5040 5040 5040 5040 5040 5040 5040 5040 5040 5040 5040 5040 5040 5040 5040 5040 5040 5040 5040 5040 5040 5040 5040 5040 5040 5040 5040 5040 5040 5040 5040 5040 5040 5040 5040 5040 5040 5040 5040 5040 5040 5040 5040 5040 5040 5040 5040 5040 5040 5040 5040 5040 5040 5040 
4830 4830 4830 4830 4830 4830 4830 4830 4830 4830 4830 4830 4830 4830 4830 4830 4830 4830 4830 4830 4830 4830 4830 4830 4830 4830 4830 4830 4830 4830 4830 4830 4830 4830 4830 4830 4830 4830 4830 4830 4830 4830 4830 4830 4830 4830 4830 4830 4830 4830 4830 4830 4830 4830 4830 4830 4830 4830 4830 4830 4830 4830 4830 4830 4830 4830 4830 4830 4830 4830 4830 4830 4830 4830 4830 4830 4830 4830 4830 4830 
4620 4620 4620 4620 4620 4620 4620 4620 4620 4620 4620 4620 4620 4620 4620 4620 4620 4620 4620 4620 4620 4620 4620 4620 4620 4620 4620 4620 4620 4620 4620 4620 4620 4620 4620 4620 4620 4620 4620 4620 4620 4620 4620 4620 4620 4620 4620 4620 4620 4620 4620 4620 4620 4620 4620 4620 4620 4620 4620 4620 4620 4620 4620 4620 4620 4620 4620 4620 4620 4620 4620 4620 4620 4620 4620 4620 4620 4620 4620 4620 
4410 4410 4410 4410 4410 4410 4410 4410 4410 4410 4410 4410 4410 4410 4410 4410 4410 4410 4410 4410 4410 4410 4410 4410 4410 4410 4410 4410 4410 4410 4410 4410 4410 4410 4410 4410 4410 4410 4410 4410 4410 4410 4410 4410 4410 4410 4410 4410 4410 4410 4410 4410 4410 4410 4410 4410 4410 4410 4410 4410 4410 4410 4410 4410 4410 4410 4410 4410 4410 4410 4410 4410 4410 4410 4410 4410 4410 4410 4410 4410 
4200 4200 4200 4200 4200 4200 4200 4200 4200 4200 4200 4200 4200 4200 4200 4200 4200 4200 4200 4200 4200 4200 4200 4200 4200 4200 4200 4200 4200 4200 4200 4200 4200 4200 4200 4200 4200 4200 4200 4200 4200 4200 4200 4200 4200 4200 4200 4200 4200 4200 4200 4200 4200 4200 4200 4200 4200 4200 4200 4200 4200 4200 4200 4200 4200 4200 4200 4200 4200 4200 4200 4200 4200 4200 4200 4200 4200 4200 4200 4200 
3990 3990 3990 3990 3990 3990 3990 3990 3990 3990 3990 3990 3990 3990 3990 3990 3990 3990 3990 3990 3990 3990 3990 3990 3990 3990 3990 3990 3990 3990 3990 3990 3990 3990 3990 3990 3990 3990 3990 3990 3990 3990 3990 3990 3990 3990 3990 3990 3990 3990 3990 3990 3990 3990 3990 3990 3990 3990 3990 3990 3990 3990 3990 3990 3990 3990 3990 3990 3990 3990 3990 3990 3990 3990 3990 3990 3990 3990 3990 3990 
3780 3780 3780 3780 3780 3780 3780 3780 3780 3780 3780 3780 3780 3780 3780 3780 3780 3780 3780 3780 3780 3780 3780 3780 3780 3780 3780 3780 3780 3780 3780 3780 3780 3780 3780 3780 3780 3780 3780 3780 3780 3780 3780 3780 3780 3780 3780 3780 3780 3780 3780 3780 3780 3780 3780 3780 3780 3780 3780 3780 3780 3780 3780 3780 3780 3780 3780 3780 3780 3780 3780 3780 3780 3780 3780 3780 3780 3780 3780 3780 
3570 3570 3570 3570 3570 3570 3570 3570 3570 3570 3570 3570 3570 3570 3570 3570 3570 3570 3570 3570 3570 3570 3570 3570 3570 3570 3570 3570 3570 3570 3570 3570 3570 3570 3570 3570 3570 3570 3570 3570 3570 3570 3570 3570 3570 3570 3570 3570 3570 3570 3570 3570 3570 3570 3570 3570 3570 3570 3570 3570 3570 3570 3570 3570 3570 3570 3570 3570 3570 3570 3570 3570 3570 3570 3570 3570 3570 3570 3570 3570 
3360 3360 3360 3360 3360 3360 3360 3360 3360 3360 3360 3360 3360 3360 3360 3360 3360 3360 3360 3360 3360 3360 3360 3360 3360 3360 3360 3360 3360 3360 3360 3360 3360 3360 3360 3360 3360 3360 3360 3360 3360 3360 3360 3360 3360 3360 3360 3360 3360 3360 3360 3360 3360 3360 3360 3360 3360 3360 3360 3360 3360 3360 3360 3360 3360 3360 3360 3360 3360 3360 3360 3360 3360 3360 3360 3360 3360 3360 3360 3360 
3150 3150 3150 3150 3150 3150 3150 3150 3150 3150 3150 3150 3150 3150 3150 3150 3150 3150 3150 3150 3150 3150 3150 3150 3150 3150 3150 3150 3150 3150 3150 3150 3150 3150 3150 3150 3150 3150 3150 3150 3150 3150 3150 3150 3150 3150 3150 3150 3150 3150 3150 3150 3150 3150 3150 3150 3150 3150 3150 3150 3150 3150 3150 3150 3150 3150 3150 3150 3150 3150 3150 3150 3150 3150 3150 3150 3150 3150 3150 3150 
2940 2940 2940 2940 2940 2940 2940 2940 2940 2940 2940 2940 2940 2940 2940 2940 2940 2940 2940 2940 2940 2940 2940 2940 2940 2940 2940 2940 2940 2940 2940 2940 2940 2940 2940 2940 2940 2940 2940 2940 2940 2940 2940 2940 2940 2940 2940 2940 2940 2940 2940 2940 2940 2940 2940 2940 2940 2940 2940 2940 2940 2940 2940 2940 2940 2940 2940 2940 2940 2940 2940 2940 2940 2940 2940 2940 2940 2940 2940 2940 
2730 2730 2730 2730 2730 2730 2730 2730 2730 2730 2730 2730 2730 2730 2730 2730 2730 2730 2730 2730 2730 2730 2730 2730 2730 2730 2730 2730 2730 2730 2730 2730 2730 2730 2730 2730 2730 2730 2730 2730 2730 2730 2730 2730 2730 2730 2730 2730 2730 2730 2730 2730 2730 2730 2730 2730 2730 2730 2730 2730 2730 2730 2730 2730 2730 2730 2730 2730 2730 2730 2730 2730 2730 2730 2730 2730 2730 2730 2730 2730 
2520 2520 2520 2520 2520 2520 2520 2520 2520 2520 2520 2520 2520 2520 2520 2520 2520 2520 2520 2520 2520 2520 2520 2520 2520 2520 2520 2520 2520 2520 2520 2520 2520 2520 2520 2520 2520 2520 2520 2520 2520 2520 2520 2520 2520 2520 2520 2520 2520 2520 2520 2520 2520 2520 2520 2520 2520 2520 2520 2520 2520 2520 2520 2520 2520 2520 2520 2520 2520 2520 2520 2520 2520 2520 2520 2520 2520 2520 2520 2520 
2310 2310 2310 2310 2310 2310 2310 2310 2310 2310 2310 2310 2310 2310 2310 2310 2310 2310 2310 2310 2310 2310 2310 2310 2310 2310 2310 2310 2310 2310 2310 2310 2310 2310 2310 2310 2310 2310 2310 2310 2310 2310 2310 2310 2310 2310 2310 2310 2310 2310 2310 2310 2310 2310 2310 2310 2310 2310 2310 2310 2310 2310 2310 2310 2310 2310 2310 2310 2310 2310 2310 2310 2310 2310 2310 2310 2310 2310 2310 2310 
2100 2100 2100 2100 2100 2100 2100 2100 2100 2100 2100 2100 2100 2100 2100 2100 2100 2100 2100 2100 2100 2100 2100 2100 2100 2100 2100 2100 2100 2100 2100 2100 2100 2100 2100 2100 2100 2100 2100 2100 2100 2100 2100 2100 2100 2100 2100 2100 2100 2100 2100 2100 2100 2100 2100 2100 2100 2100 2100 2100 2100 2100 2100 2100 2100 2100 2100 2100 2100 2100 2100 2100 2100 2100 2100 2100 2100 2100 2100 2100 
1890 1890 1890 1890 1890 1890 1890 1890 1890 1890 1890 1890 1890 1890 1890 1890 1890 1890 1890 1890 1890 1890 1890 1890 1890 1890 1890 1890 1890 1890 1890 1890 1890 1890 1890 1890 1890 1890 1890 1890 1890 1890 1890 1890 1890 1890 1890 1890 1890 1890 1890 1890 1890 1890 1890 1890 1890 1890 1890 1890 1890 1890 1890 1890 1890 1890 1890 1890 1890 1890 1890 1890 1890 1890 1890 1890 1890 1890 1890 1890 
1680 1680 1680 1680 1680 1680 1680 1680 1680 1680 1680 1680 1680 1680 1680 1680 1680 1680 1680 1680 1680 1680 1680 1680 1680 1680 1680 1680 1680 1680 1680 1680 1680 1680 1680 1680 1680 1680 1680 1680 1680 1680 1680 1680 1680 1680 1680 1680 1680 1680 1680 1680 1680 1680 1680 1680 1680 1680 1680 1680 1680 1680 1680 1680 1680 1680 1680 1680 1680 1680 1680 1680 1680 1680 1680 1680 1680 1680 1680 1680 
1470 1470 1470 1470 1470 1470 1470 1470 1470 1470 1470 1470 1470 1470 1470 1470 1470 1470 1470 1470 1470 1470 1470 1470 1470 1470 1470 1470 1470 1470 1470 1470 1470 1470 1470 1470 1470 1470 1470 1470 1470 1470 1470 1470 1470 1470 1470 1470 1470 1470 1470 1470 1470 1470 1470 1470 1470 1470 1470 1470 1470 1470 1470 1470 1470 1470 1470 1470 1470 1470 1470 1470 1470 1470 1470 1470 1470 1470 1470 1470 
1260 1260 1260 1260 1260 1260 1260 1260 1260 1260 1260 1260 1260 1260 1260 1260 1260 1260 1260 1260 1260 1260 1260 1260 1260 1260 1260 1260 1260 1260 1260 1260 1260 1260 1260 1260 1260 1260 1260 1260 1260 1260 1260 1260 1260 1260 1260 1260 1260 1260 1260 1260 1260 1260 1260 1260 1260 1260 1260 1260 1260 1260 1260 1260 1260 1260 1260 1260 1260 1260 1260 1260 1260 1260 1260 1260 1260 1260 1260 1260 
1050 1050 1050 1050 1050 1050 1050 1050 1050 1050 1050 1050 1050 1050 1050 1050 1050 1050 1050 1050 1050 1050 1050 1050 1050 1050 1050 1050 1050 1050 1050 1050 1050 1050 1050 1050 1050 1050 1050 1050 1050 1050 1050 1050 1050 1050 1050 1050 1050 1050 1050 1050 1050 1050 1050 1050 1050 1050 1050 1050 1050 1050 1050 1050 1050 1050 1050 1050 1050 1050 1050 1050 1050 1050 1050 1050 1050 1050 1050 1050 
840 840 840 840 840 840 840 840 840 840 840 840 840 840 840 840 840 840 840 840 840 840 840 840 840 840 840 840 840 840 840 840 840 840 840 840 840 840 840 840 840 840 840 840 840 840 840 840 840 840 840 840 840 840 840 840 840 840 840 840 840 840 840 840 840 840 840 840 840 840 840 840 840 840 840 840 840 840 840 840 
630 630 630 630 630 630 630 630 630 630 630 630 630 630 630 630 630 630 630 630 630 630 630 630 630 630 630 630 630 630 630 630 630 630 630 630 630 630 630 630 630 630 630 630 630 630 630 630 630 630 630 630 630 630 630 630 630 630 630 630 630 630 630 630 630 630 630 630 630 630 630 630 630 630 630 630 630 630 630 630 
420 420 420 420 420 420 420 420 420 420 420 420 420 420 420 420 420 420 420 420 420 420 420 420 420 420 420 420 420 420 420 420 420 420 420 420 420 420 420 420 420 420 420 420 420 420 420 420 420 420 420 420 420 420 420 420 420 420 420 420 420 420 420 420 420 420 420 420 420 420 420 420 420 420 420 420 420 420 420 420 
210 210 210 210 210 210 210 210 210 210 210 210 210 210 210 210 210 210 210 210 210 210 210 210 210 210 210 210 210 210 210 210 210 210 210 210 210 210 210 210 210 210 210 210 210 210 210 210 210 210 210 210 210 210 210 210 210 210 210 210 210 210 210 210 210 210 210 210 210 210 210 210 210 210 210 210 210 210 210 210 
0 0 0 0 0 0 0 0 0 0 0 0 0 0 0 0 0 0 0 0 0 0 0 0 0 0 0 0 0 0 0 0 0 0 0 0 0 0 0 0 0 0 0 0 0 0 0 0 0 0 0 0 0 0 0 0 0 0 0 0 0 0 0 0 0 0 0 0 0 0 0 0 0 0 0 0 0 0 0 0 
0 0 0 0 0 0 0 0 0 0 0 0 0 0 0 0 0 0 0 0 0 0 0 0 0 0 0 0 0 0 0 0 0 0 0 0 0 0 0 0 0 0 0 0 0 0 0 0 0 0 0 0 0 0 0 0 0 0 0 0 0 0 0 0 0 0 0 0 0 0 0 0 0 0 0 0 0 0 0 0 
210 210 210 210 210 210 210 210 210 210 210 210 210 210 210 210 210 210 210 210 210 210 210 210 210 210 210 210 210 210 210 210 210 210 210 210 210 210 210 210 210 210 210 210 210 210 210 210 210 210 210 210 210 210 210 210 210 210 210 210 210 210 210 210 210 210 210 210 210 210 210 210 210 210 210 210 210 210 210 210 
420 420 420 420 420 420 420 420 420 420 420 420 420 420 420 420 420 420 420 420 420 420 420 420 420 420 420 420 420 420 420 420 420 420 420 420 420 420 420 420 420 420 420 420 420 420 420 420 420 420 420 420 420 420 420 420 420 420 420 420 420 420 420 420 420 420 420 420 420 420 420 420 420 420 420 420 420 420 420 420 
630 630 630 630 630 630 630 630 630 630 630 630 630 630 630 630 630 630 630 630 630 630 630 630 630 630 630 630 630 630 630 630 630 630 630 630 630 630 630 630 630 630 630 630 630 630 630 630 630 630 630 630 630 630 630 630 630 630 630 630 630 630 630 630 630 630 630 630 630 630 630 630 630 630 630 630 630 630 630 630 
840 840 840 840 840 840 840 840 840 840 840 840 840 840 840 840 840 840 840 840 840 840 840 840 840 840 840 840 840 840 840 840 840 840 840 840 840 840 840 840 840 840 840 840 840 840 840 840 840 840 840 840 840 840 840 840 840 840 840 840 840 840 840 840 840 840 840 840 840 840 840 840 840 840 840 840 840 840 840 840 
1050 1050 1050 1050 1050 1050 1050 1050 1050 1050 1050 1050 1050 1050 1050 1050 1050 1050 1050 1050 1050 1050 1050 1050 1050 1050 1050 1050 1050 1050 1050 1050 1050 1050 1050 1050 1050 1050 1050 1050 1050 1050 1050 1050 1050 1050 1050 1050 1050 1050 1050 1050 1050 1050 1050 1050 1050 1050 1050 1050 1050 1050 1050 1050 1050 1050 1050 1050 1050 1050 1050 1050 1050 1050 1050 1050 1050 1050 1050 1050 
1260 1260 1260 1260 1260 1260 1260 1260 1260 1260 1260 1260 1260 1260 1260 1260 1260 1260 1260 1260 1260 1260 1260 1260 1260 1260 1260 1260 1260 1260 1260 1260 1260 1260 1260 1260 1260 1260 1260 1260 1260 1260 1260 1260 1260 1260 1260 1260 1260 1260 1260 1260 1260 1260 1260 1260 1260 1260 1260 1260 1260 1260 1260 1260 1260 1260 1260 1260 1260 1260 1260 1260 1260 1260 1260 1260 1260 1260 1260 1260 
1470 1470 1470 1470 1470 1470 1470 1470 1470 1470 1470 1470 1470 1470 1470 1470 1470 1470 1470 1470 1470 1470 1470 1470 1470 1470 1470 1470 1470 1470 1470 1470 1470 1470 1470 1470 1470 1470 1470 1470 1470 1470 1470 1470 1470 1470 1470 1470 1470 1470 1470 1470 1470 1470 1470 1470 1470 1470 1470 1470 1470 1470 1470 1470 1470 1470 1470 1470 1470 1470 1470 1470 1470 1470 1470 1470 1470 1470 1470 1470 
1680 1680 1680 1680 1680 1680 1680 1680 1680 1680 1680 1680 1680 1680 1680 1680 1680 1680 1680 1680 1680 1680 1680 1680 1680 1680 1680 1680 1680 1680 1680 1680 1680 1680 1680 1680 1680 1680 1680 1680 1680 1680 1680 1680 1680 1680 1680 1680 1680 1680 1680 1680 1680 1680 1680 1680 1680 1680 1680 1680 1680 1680 1680 1680 1680 1680 1680 1680 1680 1680 1680 1680 1680 1680 1680 1680 1680 1680 1680 1680 
1890 1890 1890 1890 1890 1890 1890 1890 1890 1890 1890 1890 1890 1890 1890 1890 1890 1890 1890 1890 1890 1890 1890 1890 1890 1890 1890 1890 1890 1890 1890 1890 1890 1890 1890 1890 1890 1890 1890 1890 1890 1890 1890 1890 1890 1890 1890 1890 1890 1890 1890 1890 1890 1890 1890 1890 1890 1890 1890 1890 1890 1890 1890 1890 1890 1890 1890 1890 1890 1890 1890 1890 1890 1890 1890 1890 1890 1890 1890 1890 
2100 2100 2100 2100 2100 2100 2100 2100 2100 2100 2100 2100 2100 2100 2100 2100 2100 2100 2100 2100 2100 2100 2100 2100 2100 2100 2100 2100 2100 2100 2100 2100 2100 2100 2100 2100 2100 2100 2100 2100 2100 2100 2100 2100 2100 2100 2100 2100 2100 2100 2100 2100 2100 2100 2100 2100 2100 2100 2100 2100 2100 2100 2100 2100 2100 2100 2100 2100 2100 2100 2100 2100 2100 2100 2100 2100 2100 2100 2100 2100 
2310 2310 2310 2310 2310 2310 2310 2310 2310 2310 2310 2310 2310 2310 2310 2310 2310 2310 2310 2310 2310 2310 2310 2310 2310 2310 2310 2310 2310 2310 2310 2310 2310 2310 2310 2310 2310 2310 2310 2310 2310 2310 2310 2310 2310 2310 2310 2310 2310 2310 2310 2310 2310 2310 2310 2310 2310 2310 2310 2310 2310 2310 2310 2310 2310 2310 2310 2310 2310 2310 2310 2310 2310 2310 2310 2310 2310 2310 2310 2310 
2520 2520 2520 2520 2520 2520 2520 2520 2520 2520 2520 2520 2520 2520 2520 2520 2520 2520 2520 2520 2520 2520 2520 2520 2520 2520 2520 2520 2520 2520 2520 2520 2520 2520 2520 2520 2520 2520 2520 2520 2520 2520 2520 2520 2520 2520 2520 2520 2520 2520 2520 2520 2520 2520 2520 2520 2520 2520 2520 2520 2520 2520 2520 2520 2520 2520 2520 2520 2520 2520 2520 2520 2520 2520 2520 2520 2520 2520 2520 2520 
2730 2730 2730 2730 2730 2730 2730 2730 2730 2730 2730 2730 2730 2730 2730 2730 2730 2730 2730 2730 2730 2730 2730 2730 2730 2730 2730 2730 2730 2730 2730 2730 2730 2730 2730 2730 2730 2730 2730 2730 2730 2730 2730 2730 2730 2730 2730 2730 2730 2730 2730 2730 2730 2730 2730 2730 2730 2730 2730 2730 2730 2730 2730 2730 2730 2730 2730 2730 2730 2730 2730 2730 2730 2730 2730 2730 2730 2730 2730 2730 
2940 2940 2940 2940 2940 2940 2940 2940 2940 2940 2940 2940 2940 2940 2940 2940 2940 2940 2940 2940 2940 2940 2940 2940 2940 2940 2940 2940 2940 2940 2940 2940 2940 2940 2940 2940 2940 2940 2940 2940 2940 2940 2940 2940 2940 2940 2940 2940 2940 2940 2940 2940 2940 2940 2940 2940 2940 2940 2940 2940 2940 2940 2940 2940 2940 2940 2940 2940 2940 2940 2940 2940 2940 2940 2940 2940 2940 2940 2940 2940 
3150 3150 3150 3150 3150 3150 3150 3150 3150 3150 3150 3150 3150 3150 3150 3150 3150 3150 3150 3150 3150 3150 3150 3150 3150 3150 3150 3150 3150 3150 3150 3150 3150 3150 3150 3150 3150 3150 3150 3150 3150 3150 3150 3150 3150 3150 3150 3150 3150 3150 3150 3150 3150 3150 3150 3150 3150 3150 3150 3150 3150 3150 3150 3150 3150 3150 3150 3150 3150 3150 3150 3150 3150 3150 3150 3150 3150 3150 3150 3150 
3360 3360 3360 3360 3360 3360 3360 3360 3360 3360 3360 3360 3360 3360 3360 3360 3360 3360 3360 3360 3360 3360 3360 3360 3360 3360 3360 3360 3360 3360 3360 3360 3360 3360 3360 3360 3360 3360 3360 3360 3360 3360 3360 3360 3360 3360 3360 3360 3360 3360 3360 3360 3360 3360 3360 3360 3360 3360 3360 3360 3360 3360 3360 3360 3360 3360 3360 3360 3360 3360 3360 3360 3360 3360 3360 3360 3360 3360 3360 3360 
3570 3570 3570 3570 3570 3570 3570 3570 3570 3570 3570 3570 3570 3570 3570 3570 3570 3570 3570 3570 3570 3570 3570 3570 3570 3570 3570 3570 3570 3570 3570 3570 3570 3570 3570 3570 3570 3570 3570 3570 3570 3570 3570 3570 3570 3570 3570 3570 3570 3570 3570 3570 3570 3570 3570 3570 3570 3570 3570 3570 3570 3570 3570 3570 3570 3570 3570 3570 3570 3570 3570 3570 3570 3570 3570 3570 3570 3570 3570 3570 
3780 3780 3780 3780 3780 3780 3780 3780 3780 3780 3780 3780 3780 3780 3780 3780 3780 3780 3780 3780 3780 3780 3780 3780 3780 3780 3780 3780 3780 3780 3780 3780 3780 3780 3780 3780 3780 3780 3780 3780 3780 3780 3780 3780 3780 3780 3780 3780 3780 3780 3780 3780 3780 3780 3780 3780 3780 3780 3780 3780 3780 3780 3780 3780 3780 3780 3780 3780 3780 3780 3780 3780 3780 3780 3780 3780 3780 3780 3780 3780 
3990 3990 3990 3990 3990 3990 3990 3990 3990 3990 3990 3990 3990 3990 3990 3990 3990 3990 3990 3990 3990 3990 3990 3990 3990 3990 3990 3990 3990 3990 3990 3990 3990 3990 3990 3990 3990 3990 3990 3990 3990 3990 3990 3990 3990 3990 3990 3990 3990 3990 3990 3990 3990 3990 3990 3990 3990 3990 3990 3990 3990 3990 3990 3990 3990 3990 3990 3990 3990 3990 3990 3990 3990 3990 3990 3990 3990 3990 3990 3990 
4200 4200 4200 4200 4200 4200 4200 4200 4200 4200 4200 4200 4200 4200 4200 4200 4200 4200 4200 4200 4200 4200 4200 4200 4200 4200 4200 4200 4200 4200 4200 4200 4200 4200 4200 4200 4200 4200 4200 4200 4200 4200 4200 4200 4200 4200 4200 4200 4200 4200 4200 4200 4200 4200 4200 4200 4200 4200 4200 4200 4200 4200 4200 4200 4200 4200 4200 4200 4200 4200 4200 4200 4200 4200 4200 4200 4200 4200 4200 4200 
4410 4410 4410 4410 4410 4410 4410 4410 4410 4410 4410 4410 4410 4410 4410 4410 4410 4410 4410 4410 4410 4410 4410 4410 4410 4410 4410 4410 4410 4410 4410 4410 4410 4410 4410 4410 4410 4410 4410 4410 4410 4410 4410 4410 4410 4410 4410 4410 4410 4410 4410 4410 4410 4410 4410 4410 4410 4410 4410 4410 4410 4410 4410 4410 4410 4410 4410 4410 4410 4410 4410 4410 4410 4410 4410 4410 4410 4410 4410 4410 
4620 4620 4620 4620 4620 4620 4620 4620 4620 4620 4620 4620 4620 4620 4620 4620 4620 4620 4620 4620 4620 4620 4620 4620 4620 4620 4620 4620 4620 4620 4620 4620 4620 4620 4620 4620 4620 4620 4620 4620 4620 4620 4620 4620 4620 4620 4620 4620 4620 4620 4620 4620 4620 4620 4620 4620 4620 4620 4620 4620 4620 4620 4620 4620 4620 4620 4620 4620 4620 4620 4620 4620 4620 4620 4620 4620 4620 4620 4620 4620 
4830 4830 4830 4830 4830 4830 4830 4830 4830 4830 4830 4830 4830 4830 4830 4830 4830 4830 4830 4830 4830 4830 4830 4830 4830 4830 4830 4830 4830 4830 4830 4830 4830 4830 4830 4830 4830 4830 4830 4830 4830 4830 4830 4830 4830 4830 4830 4830 4830 4830 4830 4830 4830 4830 4830 4830 4830 4830 4830 4830 4830 4830 4830 4830 4830 4830 4830 4830 4830 4830 4830 4830 4830 4830 4830 4830 4830 4830 4830 4830 
5040 5040 5040 5040 5040 5040 5040 5040 5040 5040 5040 5040 5040 5040 5040 5040 5040 5040 5040 5040 5040 5040 5040 5040 5040 5040 5040 5040 5040 5040 5040 5040 5040 5040 5040 5040 5040 5040 5040 5040 5040 5040 5040 5040 5040 5040 5040 5040 5040 5040 5040 5040 5040 5040 5040 5040 5040 5040 5040 5040 5040 5040 5040 5040 5040 5040 5040 5040 5040 5040 5040 5040 5040 5040 5040 5040 5040 5040 5040 5040 
5250 5250 5250 5250 5250 5250 5250 5250 5250 5250 5250 5250 5250 5250 5250 5250 5250 5250 5250 5250 5250 5250 5250 5250 5250 5250 5250 5250 5250 5250 5250 5250 5250 5250 5250 5250 5250 5250 5250 5250 5250 5250 5250 5250 5250 5250 5250 5250 5250 5250 5250 5250 5250 5250 5250 5250 5250 5250 5250 5250 5250 5250 5250 5250 5250 5250 5250 5250 5250 5250 5250 5250 5250 5250 5250 5250 5250 5250 5250 5250 
5460 5460 5460 5460 5460 5460 5460 5460 5460 5460 5460 5460 5460 5460 5460 5460 5460 5460 5460 5460 5460 5460 5460 5460 5460 5460 5460 5460 5460 5460 5460 5460 5460 5460 5460 5460 5460 5460 5460 5460 5460 5460 5460 5460 5460 5460 5460 5460 5460 5460 5460 5460 5460 5460 5460 5460 5460 5460 5460 5460 5460 5460 5460 5460 5460 5460 5460 5460 5460 5460 5460 5460 5460 5460 5460 5460 5460 5460 5460 5460 
5670 5670 5670 5670 5670 5670 5670 5670 5670 5670 5670 5670 5670 5670 5670 5670 5670 5670 5670 5670 5670 5670 5670 5670 5670 5670 5670 5670 5670 5670 5670 5670 5670 5670 5670 5670 5670 5670 5670 5670 5670 5670 5670 5670 5670 5670 5670 5670 5670 5670 5670 5670 5670 5670 5670 5670 5670 5670 5670 5670 5670 5670 5670 5670 5670 5670 5670 5670 5670 5670 5670 5670 5670 5670 5670 5670 5670 5670 5670 5670 
5880 5880 5880 5880 5880 5880 5880 5880 5880 5880 5880 5880 5880 5880 5880 5880 5880 5880 5880 5880 5880 5880 5880 5880 5880 5880 5880 5880 5880 5880 5880 5880 5880 5880 5880 5880 5880 5880 5880 5880 5880 5880 5880 5880 5880 5880 5880 5880 5880 5880 5880 5880 5880 5880 5880 5880 5880 5880 5880 5880 5880 5880 5880 5880 5880 5880 5880 5880 5880 5880 5880 5880 5880 5880 5880 5880 5880 5880 5880 5880 
6090 6090 6090 6090 6090 6090 6090 6090 6090 6090 6090 6090 6090 6090 6090 6090 6090 6090 6090 6090 6090 6090 6090 6090 6090 6090 6090 6090 6090 6090 6090 6090 6090 6090 6090 6090 6090 6090 6090 6090 6090 6090 6090 6090 6090 6090 6090 6090 6090 6090 6090 6090 6090 6090 6090 6090 6090 6090 6090 6090 6090 6090 6090 6090 6090 6090 6090 6090 6090 6090 6090 6090 6090 6090 6090 6090 6090 6090 6090 6090 
6300 6300 6300 6300 6300 6300 6300 6300 6300 6300 6300 6300 6300 6300 6300 6300 6300 6300 6300 6300 6300 6300 6300 6300 6300 6300 6300 6300 6300 6300 6300 6300 6300 6300 6300 6300 6300 6300 6300 6300 6300 6300 6300 6300 6300 6300 6300 6300 6300 6300 6300 6300 6300 6300 6300 6300 6300 6300 6300 6300 6300 6300 6300 6300 6300 6300 6300 6300 6300 6300 6300 6300 6300 6300 6300 6300 6300 6300 6300 6300 
6510 6510 6510 6510 6510 6510 6510 6510 6510 6510 6510 6510 6510 6510 6510 6510 6510 6510 6510 6510 6510 6510 6510 6510 6510 6510 6510 6510 6510 6510 6510 6510 6510 6510 6510 6510 6510 6510 6510 6510 6510 6510 6510 6510 6510 6510 6510 6510 6510 6510 6510 6510 6510 6510 6510 6510 6510 6510 6510 6510 6510 6510 6510 6510 6510 6510 6510 6510 6510 6510 6510 6510 6510 6510 6510 6510 6510 6510 6510 6510 
6720 6720 6720 6720 6720 6720 6720 6720 6720 6720 6720 6720 6720 6720 6720 6720 6720 6720 6720 6720 6720 6720 6720 6720 6720 6720 6720 6720 6720 6720 6720 6720 6720 6720 6720 6720 6720 6720 6720 6720 6720 6720 6720 6720 6720 6720 6720 6720 6720 6720 6720 6720 6720 6720 6720 6720 6720 6720 6720 6720 6720 6720 6720 6720 6720 6720 6720 6720 6720 6720 6720 6720 6720 6720 6720 6720 6720 6720 6720 6720 
6930 6930 6930 6930 6930 6930 6930 6930 6930 6930 6930 6930 6930 6930 6930 6930 6930 6930 6930 6930 6930 6930 6930 6930 6930 6930 6930 6930 6930 6930 6930 6930 6930 6930 6930 6930 6930 6930 6930 6930 6930 6930 6930 6930 6930 6930 6930 6930 6930 6930 6930 6930 6930 6930 6930 6930 6930 6930 6930 6930 6930 6930 6930 6930 6930 6930 6930 6930 6930 6930 6930 6930 6930 6930 6930 6930 6930 6930 6930 6930 
7140 7140 7140 7140 7140 7140 7140 7140 7140 7140 7140 7140 7140 7140 7140 7140 7140 7140 7140 7140 7140 7140 7140 7140 7140 7140 7140 7140 7140 7140 7140 7140 7140 7140 7140 7140 7140 7140 7140 7140 7140 7140 7140 7140 7140 7140 7140 7140 7140 7140 7140 7140 7140 7140 7140 7140 7140 7140 7140 7140 7140 7140 7140 7140 7140 7140 7140 7140 7140 7140 7140 7140 7140 7140 7140 7140 7140 7140 7140 7140 
7350 7350 7350 7350 7350 7350 7350 7350 7350 7350 7350 7350 7350 7350 7350 7350 7350 7350 7350 7350 7350 7350 7350 7350 7350 7350 7350 7350 7350 7350 7350 7350 7350 7350 7350 7350 7350 7350 7350 7350 7350 7350 7350 7350 7350 7350 7350 7350 7350 7350 7350 7350 7350 7350 7350 7350 7350 7350 7350 7350 7350 7350 7350 7350 7350 7350 7350 7350 7350 7350 7350 7350 7350 7350 7350 7350 7350 7350 7350 7350 
7560 7560 7560 7560 7560 7560 7560 7560 7560 7560 7560 7560 7560 7560 7560 7560 7560 7560 7560 7560 7560 7560 7560 7560 7560 7560 7560 7560 7560 7560 7560 7560 7560 7560 7560 7560 7560 7560 7560 7560 7560 7560 7560 7560 7560 7560 7560 7560 7560 7560 7560 7560 7560 7560 7560 7560 7560 7560 7560 7560 7560 7560 7560 7560 7560 7560 7560 7560 7560 7560 7560 7560 7560 7560 7560 7560 7560 7560 7560 7560 
7770 7770 7770 7770 7770 7770 7770 7770 7770 7770 7770 7770 7770 7770 7770 7770 7770 7770 7770 7770 7770 7770 7770 7770 7770 7770 7770 7770 7770 7770 7770 7770 7770 7770 7770 7770 7770 7770 7770 7770 7770 7770 7770 7770 7770 7770 7770 7770 7770 7770 7770 7770 7770 7770 7770 7770 7770 7770 7770 7770 7770 7770 7770 7770 7770 7770 7770 7770 7770 7770 7770 7770 7770 7770 7770 7770 7770 7770 7770 7770 
7980 7980 7980 7980 7980 7980 7980 7980 7980 7980 7980 7980 7980 7980 7980 7980 7980 7980 7980 7980 7980 7980 7980 7980 7980 7980 7980 7980 7980 7980 7980 7980 7980 7980 7980 7980 7980 7980 7980 7980 7980 7980 7980 7980 7980 7980 7980 7980 7980 7980 7980 7980 7980 7980 7980 7980 7980 7980 7980 7980 7980 7980 7980 7980 7980 7980 7980 7980 7980 7980 7980 7980 7980 7980 7980 7980 7980 7980 7980 7980 
8191 8191 8191 8191 8191 8191 8191 8191 8191 8191 8191 8191 8191 8191 8191 8191 8191 8191 8191 8191 8191 8191 8191 8191 8191 8191 8191 8191 8191 8191 8191 8191 8191 8191 8191 8191 8191 8191 8191 8191 8191 8191 8191 8191 8191 8191 8191 8191 8191 8191 8191 8191 8191 8191 8191 8191 8191 8191 8191 8191 8191 8191 8191 8191 8191 8191 8191 8191 8191 8191 8191 8191 8191 8191 8191 8191 8191 8191 8191 8191 
